   0.0000000e+00   3.1000000e+02   2.8000000e+02   1.0000000e+02   1.0000000e+00   3.5000000e+02   2.9660000e+02   9.8900000e-01
   5.0000000e-02   3.1000000e+02   2.8000000e+02   1.0000000e+02   1.0000000e+00   3.5000000e+02   2.9757697e+02   9.8897355e-01
   1.0000000e-01   3.1000000e+02   2.8000000e+02   1.0000000e+02   1.0000000e+00   3.5000000e+02   2.9842450e+02   9.8889549e-01
   1.5000000e-01   3.1000000e+02   2.8000000e+02   1.0000000e+02   1.0000000e+00   3.5000000e+02   2.9916047e+02   9.8877166e-01
   2.0000000e-01   3.1000000e+02   2.8000000e+02   1.0000000e+02   1.0000000e+00   3.5000000e+02   2.9980017e+02   9.8860783e-01
   2.5000000e-01   3.1000000e+02   2.8000000e+02   1.0000000e+02   1.0000000e+00   3.5000000e+02   3.0035664e+02   9.8840959e-01
   3.0000000e-01   3.1000000e+02   2.8000000e+02   1.0000000e+02   1.0000000e+00   3.5000000e+02   3.0084110e+02   9.8818228e-01
   3.5000000e-01   3.1000000e+02   2.8000000e+02   1.0000000e+02   1.0000000e+00   3.5000000e+02   3.0126316e+02   9.8793084e-01
   4.0000000e-01   3.1000000e+02   2.8000000e+02   1.0000000e+02   1.0000000e+00   3.5000000e+02   3.0163107e+02   9.8765984e-01
   4.5000000e-01   3.1000000e+02   2.8000000e+02   1.0000000e+02   1.0000000e+00   3.5000000e+02   3.0195197e+02   9.8737344e-01
   5.0000000e-01   3.1000000e+02   2.8000000e+02   1.0000000e+02   1.0000000e+00   3.5000000e+02   3.0223199e+02   9.8707535e-01
   5.5000000e-01   3.1000000e+02   2.8000000e+02   1.0000000e+02   1.0000000e+00   3.5000000e+02   3.0247645e+02   9.8676890e-01
   6.0000000e-01   3.1000000e+02   2.8000000e+02   1.0000000e+02   1.0000000e+00   3.5000000e+02   3.0268994e+02   9.8645700e-01
   6.5000000e-01   3.1000000e+02   2.8000000e+02   1.0000000e+02   1.0000000e+00   3.5000000e+02   3.0287644e+02   9.8614221e-01
   7.0000000e-01   3.1000000e+02   2.8000000e+02   1.0000000e+02   1.0000000e+00   3.5000000e+02   3.0303941e+02   9.8582673e-01
   7.5000000e-01   3.1000000e+02   2.8000000e+02   1.0000000e+02   1.0000000e+00   3.5000000e+02   3.0318185e+02   9.8551246e-01
   8.0000000e-01   3.1000000e+02   2.8000000e+02   1.0000000e+02   1.0000000e+00   3.5000000e+02   3.0330637e+02   9.8520101e-01
   8.5000000e-01   3.1000000e+02   2.8000000e+02   1.0000000e+02   1.0000000e+00   3.5000000e+02   3.0341524e+02   9.8489374e-01
   9.0000000e-01   3.1000000e+02   2.8000000e+02   1.0000000e+02   1.0000000e+00   3.5000000e+02   3.0351043e+02   9.8459177e-01
   9.5000000e-01   3.1000000e+02   2.8000000e+02   1.0000000e+02   1.0000000e+00   3.5000000e+02   3.0359368e+02   9.8429603e-01
   1.0000000e+00   3.1000000e+02   2.8000000e+02   1.0000000e+02   1.0000000e+00   3.5000000e+02   3.0366648e+02   9.8400725e-01
   1.0500000e+00   3.1000000e+02   2.8000000e+02   1.0000000e+02   1.0000000e+00   3.5000000e+02   3.0373015e+02   9.8372603e-01
   1.1000000e+00   3.1000000e+02   2.8000000e+02   1.0000000e+02   1.0000000e+00   3.5000000e+02   3.0378584e+02   9.8345281e-01
   1.1500000e+00   3.1000000e+02   2.8000000e+02   1.0000000e+02   1.0000000e+00   3.5000000e+02   3.0383453e+02   9.8318793e-01
   1.2000000e+00   3.1000000e+02   2.8000000e+02   1.0000000e+02   1.0000000e+00   3.5000000e+02   3.0387712e+02   9.8293161e-01
   1.2500000e+00   3.1000000e+02   2.8000000e+02   1.0000000e+02   1.0000000e+00   3.5000000e+02   3.0391435e+02   9.8268400e-01
   1.3000000e+00   3.1000000e+02   2.8000000e+02   1.0000000e+02   1.0000000e+00   3.5000000e+02   3.0394691e+02   9.8244517e-01
   1.3500000e+00   3.1000000e+02   2.8000000e+02   1.0000000e+02   1.0000000e+00   3.5000000e+02   3.0397538e+02   9.8221512e-01
   1.4000000e+00   3.1000000e+02   2.8000000e+02   1.0000000e+02   1.0000000e+00   3.5000000e+02   3.0400026e+02   9.8199379e-01
   1.4500000e+00   3.1000000e+02   2.8000000e+02   1.0000000e+02   1.0000000e+00   3.5000000e+02   3.0402201e+02   9.8178110e-01
   1.5000000e+00   3.1000000e+02   2.8000000e+02   1.0000000e+02   1.0000000e+00   3.5000000e+02   3.0404101e+02   9.8157691e-01
   1.5500000e+00   3.1000000e+02   2.8000000e+02   1.0000000e+02   1.0000000e+00   3.5000000e+02   3.0405761e+02   9.8138107e-01
   1.6000000e+00   3.1000000e+02   2.8000000e+02   1.0000000e+02   1.0000000e+00   3.5000000e+02   3.0407211e+02   9.8119338e-01
   1.6500000e+00   3.1000000e+02   2.8000000e+02   1.0000000e+02   1.0000000e+00   3.5000000e+02   3.0408477e+02   9.8101364e-01
   1.7000000e+00   3.1000000e+02   2.8000000e+02   1.0000000e+02   1.0000000e+00   3.5000000e+02   3.0409582e+02   9.8084164e-01
   1.7500000e+00   3.1000000e+02   2.8000000e+02   1.0000000e+02   1.0000000e+00   3.5000000e+02   3.0410547e+02   9.8067715e-01
   1.8000000e+00   3.1000000e+02   2.8000000e+02   1.0000000e+02   1.0000000e+00   3.5000000e+02   3.0411388e+02   9.8051991e-01
   1.8500000e+00   3.1000000e+02   2.8000000e+02   1.0000000e+02   1.0000000e+00   3.5000000e+02   3.0412122e+02   9.8036970e-01
   1.9000000e+00   3.1000000e+02   2.8000000e+02   1.0000000e+02   1.0000000e+00   3.5000000e+02   3.0412761e+02   9.8022627e-01
   1.9500000e+00   3.1000000e+02   2.8000000e+02   1.0000000e+02   1.0000000e+00   3.5000000e+02   3.0413318e+02   9.8008937e-01
   2.0000000e+00   3.1000000e+02   2.8000000e+02   1.0000000e+02   1.0000000e+00   3.5000000e+02   3.0413803e+02   9.7995876e-01
   2.0500000e+00   3.1000000e+02   2.8000000e+02   1.0000000e+02   1.0000000e+00   3.5000000e+02   3.0414225e+02   9.7983418e-01
   2.1000000e+00   3.1000000e+02   2.8000000e+02   1.0000000e+02   1.0000000e+00   3.5000000e+02   3.0414592e+02   9.7971541e-01
   2.1500000e+00   3.1000000e+02   2.8000000e+02   1.0000000e+02   1.0000000e+00   3.5000000e+02   3.0414911e+02   9.7960220e-01
   2.2000000e+00   3.1000000e+02   2.8000000e+02   1.0000000e+02   1.0000000e+00   3.5000000e+02   3.0415188e+02   9.7949433e-01
   2.2500000e+00   3.1000000e+02   2.8000000e+02   1.0000000e+02   1.0000000e+00   3.5000000e+02   3.0415428e+02   9.7939157e-01
   2.3000000e+00   3.1000000e+02   2.8000000e+02   1.0000000e+02   1.0000000e+00   3.5000000e+02   3.0415637e+02   9.7929370e-01
   2.3500000e+00   3.1000000e+02   2.8000000e+02   1.0000000e+02   1.0000000e+00   3.5000000e+02   3.0415817e+02   9.7920051e-01
   2.4000000e+00   3.1000000e+02   2.8000000e+02   1.0000000e+02   1.0000000e+00   3.5000000e+02   3.0415973e+02   9.7911180e-01
   2.4500000e+00   3.1000000e+02   2.8000000e+02   1.0000000e+02   1.0000000e+00   3.5000000e+02   3.0416107e+02   9.7902735e-01
   2.5000000e+00   3.1000000e+02   2.8000000e+02   1.0000000e+02   1.0000000e+00   3.5000000e+02   3.0416223e+02   9.7894699e-01
   2.5500000e+00   3.1000000e+02   2.8000000e+02   1.0000000e+02   1.0000000e+00   3.5000000e+02   3.0416323e+02   9.7887052e-01
   2.6000000e+00   3.1000000e+02   2.8000000e+02   1.0000000e+02   1.0000000e+00   3.5000000e+02   3.0416409e+02   9.7879777e-01
   2.6500000e+00   3.1000000e+02   2.8000000e+02   1.0000000e+02   1.0000000e+00   3.5000000e+02   3.0416483e+02   9.7872856e-01
   2.7000000e+00   3.1000000e+02   2.8000000e+02   1.0000000e+02   1.0000000e+00   3.5000000e+02   3.0416546e+02   9.7866273e-01
   2.7500000e+00   3.1000000e+02   2.8000000e+02   1.0000000e+02   1.0000000e+00   3.5000000e+02   3.0416600e+02   9.7860013e-01
   2.8000000e+00   3.1000000e+02   2.8000000e+02   1.0000000e+02   1.0000000e+00   3.5000000e+02   3.0416645e+02   9.7854059e-01
   2.8500000e+00   3.1000000e+02   2.8000000e+02   1.0000000e+02   1.0000000e+00   3.5000000e+02   3.0416684e+02   9.7848398e-01
   2.9000000e+00   3.1000000e+02   2.8000000e+02   1.0000000e+02   1.0000000e+00   3.5000000e+02   3.0416717e+02   9.7843016e-01
   2.9500000e+00   3.1000000e+02   2.8000000e+02   1.0000000e+02   1.0000000e+00   3.5000000e+02   3.0416744e+02   9.7837899e-01
   3.0000000e+00   3.1000000e+02   2.8000000e+02   1.0000000e+02   1.0000000e+00   3.5000000e+02   3.0416767e+02   9.7833035e-01
   3.0500000e+00   3.1000000e+02   2.8000000e+02   1.0000000e+02   1.0000000e+00   3.5000000e+02   3.0416786e+02   9.7828411e-01
   3.1000000e+00   3.1000000e+02   2.8000000e+02   1.0000000e+02   1.0000000e+00   3.5000000e+02   3.0416802e+02   9.7824015e-01
   3.1500000e+00   3.1000000e+02   2.8000000e+02   1.0000000e+02   1.0000000e+00   3.5000000e+02   3.0416814e+02   9.7819838e-01
   3.2000000e+00   3.1000000e+02   2.8000000e+02   1.0000000e+02   1.0000000e+00   3.5000000e+02   3.0416825e+02   9.7815867e-01
   3.2500000e+00   3.1000000e+02   2.8000000e+02   1.0000000e+02   1.0000000e+00   3.5000000e+02   3.0416833e+02   9.7812094e-01
   3.3000000e+00   3.1000000e+02   2.8000000e+02   1.0000000e+02   1.0000000e+00   3.5000000e+02   3.0416839e+02   9.7808508e-01
   3.3500000e+00   3.1000000e+02   2.7211980e+02   1.0000000e+02   1.0000000e+00   3.5000000e+02   3.0416844e+02   9.7805100e-01
   3.4000000e+00   3.1000000e+02   2.7211980e+02   1.0000000e+02   1.0000000e+00   3.5000000e+02   3.0339655e+02   9.7805915e-01
   3.4500000e+00   3.1000000e+02   2.7211980e+02   1.0000000e+02   1.0000000e+00   3.5000000e+02   3.0272125e+02   9.7813738e-01
   3.5000000e+00   3.1000000e+02   2.7211980e+02   1.0000000e+02   1.0000000e+00   3.5000000e+02   3.0213119e+02   9.7826975e-01
   3.5500000e+00   3.1000000e+02   2.7211980e+02   1.0000000e+02   1.0000000e+00   3.5000000e+02   3.0161613e+02   9.7844364e-01
   3.6000000e+00   3.1000000e+02   2.7211980e+02   1.0000000e+02   1.0000000e+00   3.5000000e+02   3.0116693e+02   9.7864895e-01
   3.6500000e+00   3.1000000e+02   2.7211980e+02   1.0000000e+02   1.0000000e+00   3.5000000e+02   3.0077546e+02   9.7887764e-01
   3.7000000e+00   3.1000000e+02   2.7211980e+02   1.0000000e+02   1.0000000e+00   3.5000000e+02   3.0043449e+02   9.7912321e-01
   3.7500000e+00   3.1000000e+02   2.7211980e+02   1.0000000e+02   1.0000000e+00   3.5000000e+02   3.0013768e+02   9.7938045e-01
   3.8000000e+00   3.1000000e+02   2.7211980e+02   1.0000000e+02   1.0000000e+00   3.5000000e+02   2.9987941e+02   9.7964514e-01
   3.8500000e+00   3.1000000e+02   2.7211980e+02   1.0000000e+02   1.0000000e+00   3.5000000e+02   2.9965477e+02   9.7991390e-01
   3.9000000e+00   3.1000000e+02   2.7211980e+02   1.0000000e+02   1.0000000e+00   3.5000000e+02   2.9945945e+02   9.8018400e-01
   3.9500000e+00   3.1000000e+02   2.7211980e+02   1.0000000e+02   1.0000000e+00   3.5000000e+02   2.9928966e+02   9.8045323e-01
   4.0000000e+00   3.1000000e+02   2.7211980e+02   1.0000000e+02   1.0000000e+00   3.5000000e+02   2.9914210e+02   9.8071984e-01
   4.0500000e+00   3.1000000e+02   2.7211980e+02   1.0000000e+02   1.0000000e+00   3.5000000e+02   2.9901390e+02   9.8098244e-01
   4.1000000e+00   3.1000000e+02   2.7211980e+02   1.0000000e+02   1.0000000e+00   3.5000000e+02   2.9890253e+02   9.8123994e-01
   4.1500000e+00   3.1000000e+02   2.7211980e+02   1.0000000e+02   1.0000000e+00   3.5000000e+02   2.9880580e+02   9.8149149e-01
   4.2000000e+00   3.1000000e+02   2.7211980e+02   1.0000000e+02   1.0000000e+00   3.5000000e+02   2.9872181e+02   9.8173644e-01
   4.2500000e+00   3.1000000e+02   2.7211980e+02   1.0000000e+02   1.0000000e+00   3.5000000e+02   2.9864888e+02   9.8197431e-01
   4.3000000e+00   3.1000000e+02   2.7211980e+02   1.0000000e+02   1.0000000e+00   3.5000000e+02   2.9858557e+02   9.8220477e-01
   4.3500000e+00   3.1000000e+02   2.7211980e+02   1.0000000e+02   1.0000000e+00   3.5000000e+02   2.9853061e+02   9.8242758e-01
   4.4000000e+00   3.1000000e+02   2.7211980e+02   1.0000000e+02   1.0000000e+00   3.5000000e+02   2.9848291e+02   9.8264262e-01
   4.4500000e+00   3.1000000e+02   2.7211980e+02   1.0000000e+02   1.0000000e+00   3.5000000e+02   2.9844151e+02   9.8284983e-01
   4.5000000e+00   3.1000000e+02   2.7211980e+02   1.0000000e+02   1.0000000e+00   3.5000000e+02   2.9840559e+02   9.8304922e-01
   4.5500000e+00   3.1000000e+02   2.7211980e+02   1.0000000e+02   1.0000000e+00   3.5000000e+02   2.9837443e+02   9.8324086e-01
   4.6000000e+00   3.1000000e+02   2.7211980e+02   1.0000000e+02   1.0000000e+00   3.5000000e+02   2.9834740e+02   9.8342483e-01
   4.6500000e+00   3.1000000e+02   2.7211980e+02   1.0000000e+02   1.0000000e+00   3.5000000e+02   2.9832395e+02   9.8360128e-01
   4.7000000e+00   3.1000000e+02   2.7211980e+02   1.0000000e+02   1.0000000e+00   3.5000000e+02   2.9830361e+02   9.8377038e-01
   4.7500000e+00   3.1000000e+02   2.7211980e+02   1.0000000e+02   1.0000000e+00   3.5000000e+02   2.9828597e+02   9.8393229e-01
   4.8000000e+00   3.1000000e+02   2.7211980e+02   1.0000000e+02   1.0000000e+00   3.5000000e+02   2.9827068e+02   9.8408722e-01
   4.8500000e+00   3.1000000e+02   2.7211980e+02   1.0000000e+02   1.0000000e+00   3.5000000e+02   2.9825742e+02   9.8423538e-01
   4.9000000e+00   3.1000000e+02   2.7211980e+02   1.0000000e+02   1.0000000e+00   3.5000000e+02   2.9824593e+02   9.8437698e-01
   4.9500000e+00   3.1000000e+02   2.7211980e+02   1.0000000e+02   1.0000000e+00   3.5000000e+02   2.9823597e+02   9.8451225e-01
   5.0000000e+00   3.1000000e+02   2.7211980e+02   1.0000000e+02   1.0000000e+00   3.5000000e+02   2.9822734e+02   9.8464141e-01
   5.0500000e+00   3.1000000e+02   2.7211980e+02   1.0000000e+02   1.0000000e+00   3.5000000e+02   2.9821987e+02   9.8476468e-01
   5.1000000e+00   3.1000000e+02   2.7211980e+02   1.0000000e+02   1.0000000e+00   3.5000000e+02   2.9821340e+02   9.8488230e-01
   5.1500000e+00   3.1000000e+02   2.7211980e+02   1.0000000e+02   1.0000000e+00   3.5000000e+02   2.9820779e+02   9.8499447e-01
   5.2000000e+00   3.1000000e+02   2.7211980e+02   1.0000000e+02   1.0000000e+00   3.5000000e+02   2.9820294e+02   9.8510143e-01
   5.2500000e+00   3.1000000e+02   2.7211980e+02   1.0000000e+02   1.0000000e+00   3.5000000e+02   2.9819874e+02   9.8520338e-01
   5.3000000e+00   3.1000000e+02   2.7211980e+02   1.0000000e+02   1.0000000e+00   3.5000000e+02   2.9819510e+02   9.8530053e-01
   5.3500000e+00   3.1000000e+02   2.7211980e+02   1.0000000e+02   1.0000000e+00   3.5000000e+02   2.9819196e+02   9.8539310e-01
   5.4000000e+00   3.1000000e+02   2.9516130e+02   1.0000000e+02   1.0000000e+00   3.5000000e+02   2.9818925e+02   9.8548127e-01
   5.4500000e+00   3.1000000e+02   2.9516130e+02   1.0000000e+02   1.0000000e+00   3.5000000e+02   3.0043548e+02   9.8548881e-01
   5.5000000e+00   3.1000000e+02   2.9516130e+02   1.0000000e+02   1.0000000e+00   3.5000000e+02   3.0239125e+02   9.8533859e-01
   5.5500000e+00   3.1000000e+02   2.9516130e+02   1.0000000e+02   1.0000000e+00   3.5000000e+02   3.0409934e+02   9.8503228e-01
   5.6000000e+00   3.1000000e+02   2.9516130e+02   1.0000000e+02   1.0000000e+00   3.5000000e+02   3.0559576e+02   9.8457486e-01
   5.6500000e+00   3.1000000e+02   2.9516130e+02   1.0000000e+02   1.0000000e+00   3.5000000e+02   3.0691078e+02   9.8397394e-01
   5.7000000e+00   3.1000000e+02   2.9516130e+02   1.0000000e+02   1.0000000e+00   3.5000000e+02   3.0806985e+02   9.8323911e-01
   5.7500000e+00   3.1000000e+02   2.9516130e+02   1.0000000e+02   1.0000000e+00   3.5000000e+02   3.0909443e+02   9.8238138e-01
   5.8000000e+00   3.1000000e+02   2.9516130e+02   1.0000000e+02   1.0000000e+00   3.5000000e+02   3.1000261e+02   9.8141260e-01
   5.8500000e+00   3.1000000e+02   2.9516130e+02   1.0000000e+02   1.0000000e+00   3.5000000e+02   3.1080971e+02   9.8034504e-01
   5.9000000e+00   3.1000000e+02   2.9516130e+02   1.0000000e+02   1.0000000e+00   3.5000000e+02   3.1152871e+02   9.7919102e-01
   5.9500000e+00   3.1000000e+02   2.9516130e+02   1.0000000e+02   1.0000000e+00   3.5000000e+02   3.1217066e+02   9.7796266e-01
   6.0000000e+00   3.1000000e+02   2.9516130e+02   1.0000000e+02   1.0000000e+00   3.5000000e+02   3.1274501e+02   9.7667162e-01
   6.0500000e+00   3.1000000e+02   2.9516130e+02   1.0000000e+02   1.0000000e+00   3.5000000e+02   3.1325982e+02   9.7532903e-01
   6.1000000e+00   3.1000000e+02   2.9516130e+02   1.0000000e+02   1.0000000e+00   3.5000000e+02   3.1372206e+02   9.7394531e-01
   6.1500000e+00   3.1000000e+02   2.9516130e+02   1.0000000e+02   1.0000000e+00   3.5000000e+02   3.1413773e+02   9.7253019e-01
   6.2000000e+00   3.1000000e+02   2.9516130e+02   1.0000000e+02   1.0000000e+00   3.5000000e+02   3.1451202e+02   9.7109259e-01
   6.2500000e+00   3.1000000e+02   2.9516130e+02   1.0000000e+02   1.0000000e+00   3.5000000e+02   3.1484946e+02   9.6964070e-01
   6.3000000e+00   3.1000000e+02   2.9516130e+02   1.0000000e+02   1.0000000e+00   3.5000000e+02   3.1515399e+02   9.6818193e-01
   6.3500000e+00   3.1000000e+02   2.9516130e+02   1.0000000e+02   1.0000000e+00   3.5000000e+02   3.1542906e+02   9.6672295e-01
   6.4000000e+00   3.1000000e+02   2.9516130e+02   1.0000000e+02   1.0000000e+00   3.5000000e+02   3.1567772e+02   9.6526972e-01
   6.4500000e+00   3.1000000e+02   2.9516130e+02   1.0000000e+02   1.0000000e+00   3.5000000e+02   3.1590264e+02   9.6382755e-01
   6.5000000e+00   3.1000000e+02   2.9516130e+02   1.0000000e+02   1.0000000e+00   3.5000000e+02   3.1610619e+02   9.6240108e-01
   6.5500000e+00   3.1000000e+02   2.9516130e+02   1.0000000e+02   1.0000000e+00   3.5000000e+02   3.1629047e+02   9.6099439e-01
   6.6000000e+00   3.1000000e+02   2.9516130e+02   1.0000000e+02   1.0000000e+00   3.5000000e+02   3.1645735e+02   9.5961101e-01
   6.6500000e+00   3.1000000e+02   2.9516130e+02   1.0000000e+02   1.0000000e+00   3.5000000e+02   3.1660849e+02   9.5825393e-01
   6.7000000e+00   3.1000000e+02   2.9516130e+02   1.0000000e+02   1.0000000e+00   3.5000000e+02   3.1674539e+02   9.5692573e-01
   6.7500000e+00   3.1000000e+02   2.9516130e+02   1.0000000e+02   1.0000000e+00   3.5000000e+02   3.1686939e+02   9.5562853e-01
   6.8000000e+00   3.1000000e+02   2.9516130e+02   1.0000000e+02   1.0000000e+00   3.5000000e+02   3.1698169e+02   9.5436406e-01
   6.8500000e+00   3.1000000e+02   3.0576040e+02   1.0000000e+02   1.0000000e+00   3.5000000e+02   3.1708336e+02   9.5313374e-01
   6.9000000e+00   3.1000000e+02   3.0576040e+02   1.0000000e+02   1.0000000e+00   3.5000000e+02   3.1823684e+02   9.5176946e-01
   6.9500000e+00   3.1000000e+02   3.0576040e+02   1.0000000e+02   1.0000000e+00   3.5000000e+02   3.1929642e+02   9.5011271e-01
   7.0000000e+00   3.1000000e+02   3.0576040e+02   1.0000000e+02   1.0000000e+00   3.5000000e+02   3.2027527e+02   9.4817925e-01
   7.0500000e+00   3.1000000e+02   3.0576040e+02   1.0000000e+02   1.0000000e+00   3.5000000e+02   3.2118449e+02   9.4598486e-01
   7.1000000e+00   3.1000000e+02   3.0576040e+02   1.0000000e+02   1.0000000e+00   3.5000000e+02   3.2203352e+02   9.4354496e-01
   7.1500000e+00   3.1000000e+02   3.0576040e+02   1.0000000e+02   1.0000000e+00   3.5000000e+02   3.2283040e+02   9.4087444e-01
   7.2000000e+00   3.1000000e+02   3.0576040e+02   1.0000000e+02   1.0000000e+00   3.5000000e+02   3.2358204e+02   9.3798742e-01
   7.2500000e+00   3.1000000e+02   3.0576040e+02   1.0000000e+02   1.0000000e+00   3.5000000e+02   3.2429437e+02   9.3489713e-01
   7.3000000e+00   3.1000000e+02   3.0576040e+02   1.0000000e+02   1.0000000e+00   3.5000000e+02   3.2497257e+02   9.3161584e-01
   7.3500000e+00   3.1000000e+02   3.0576040e+02   1.0000000e+02   1.0000000e+00   3.5000000e+02   3.2562115e+02   9.2815476e-01
   7.4000000e+00   3.1000000e+02   3.1451610e+02   1.0000000e+02   1.0000000e+00   3.5000000e+02   3.2624408e+02   9.2452403e-01
   7.4500000e+00   3.1000000e+02   3.1451610e+02   1.0000000e+02   1.0000000e+00   3.5000000e+02   3.2775189e+02   9.2044379e-01
   7.5000000e+00   3.1000000e+02   3.1451610e+02   1.0000000e+02   1.0000000e+00   3.5000000e+02   3.2923489e+02   9.1560121e-01
   7.5500000e+00   3.1000000e+02   3.1451610e+02   1.0000000e+02   1.0000000e+00   3.5000000e+02   3.3071428e+02   9.0994483e-01
   7.6000000e+00   3.1000000e+02   3.1451610e+02   1.0000000e+02   1.0000000e+00   3.5000000e+02   3.3221267e+02   9.0340342e-01
   7.6500000e+00   3.1000000e+02   3.1451610e+02   1.0000000e+02   1.0000000e+00   3.5000000e+02   3.3375569e+02   8.9587777e-01
   7.7000000e+00   3.1000000e+02   3.1451610e+02   1.0000000e+02   1.0000000e+00   3.5000000e+02   3.3537433e+02   8.8722825e-01
   7.7500000e+00   3.1000000e+02   3.1451610e+02   1.0000000e+02   1.0000000e+00   3.5000000e+02   3.3710853e+02   8.7725489e-01
   7.8000000e+00   3.1000000e+02   3.1451610e+02   1.0000000e+02   1.0000000e+00   3.5000000e+02   3.3901325e+02   8.6566347e-01
   7.8500000e+00   3.1000000e+02   3.1451610e+02   1.0000000e+02   1.0000000e+00   3.5000000e+02   3.4116955e+02   8.5200407e-01
   7.9000000e+00   3.1000000e+02   3.1451610e+02   1.0000000e+02   1.0000000e+00   3.5000000e+02   3.4370662e+02   8.3554953e-01
   7.9500000e+00   3.1000000e+02   3.1451610e+02   1.0000000e+02   1.0000000e+00   3.5000000e+02   3.4685133e+02   8.1502708e-01
   8.0000000e+00   3.1000000e+02   2.7718890e+02   1.0000000e+02   1.0000000e+00   3.5000000e+02   3.5105916e+02   7.8792221e-01
   8.0500000e+00   3.1000000e+02   2.7718890e+02   1.0000000e+02   1.0000000e+00   3.5000000e+02   3.5226406e+02   7.5594441e-01
   8.1000000e+00   3.1000000e+02   2.7718890e+02   1.0000000e+02   1.0000000e+00   3.5000000e+02   3.5373915e+02   7.2330487e-01
   8.1500000e+00   3.1000000e+02   2.7718890e+02   1.0000000e+02   1.0000000e+00   3.5000000e+02   3.5566027e+02   6.8896175e-01
   8.2000000e+00   3.1000000e+02   2.7718890e+02   1.0000000e+02   1.0000000e+00   3.5000000e+02   3.5836896e+02   6.5096993e-01
   8.2500000e+00   3.1000000e+02   2.7718890e+02   1.0000000e+02   1.0000000e+00   3.5000000e+02   3.6263675e+02   6.0509024e-01
   8.3000000e+00   3.1000000e+02   2.7718890e+02   1.0000000e+02   1.0000000e+00   3.5000000e+02   3.7076631e+02   5.3912694e-01
   8.3500000e+00   3.1000000e+02   2.7718890e+02   1.0000000e+02   1.0000000e+00   3.5000000e+02   3.9708602e+02   3.8055416e-01
   8.4000000e+00   3.1000000e+02   2.5000000e+02   1.0000000e+02   1.0000000e+00   3.5000000e+02   4.6042677e+02   2.4120527e-03
   8.4500000e+00   3.1000000e+02   2.5000000e+02   1.0000000e+02   1.0000000e+00   3.5000000e+02   4.4412870e+02   4.6963777e-03
   8.5000000e+00   3.1000000e+02   2.5000000e+02   1.0000000e+02   1.0000000e+00   3.5000000e+02   4.2980784e+02   8.6568415e-03
   8.5500000e+00   3.1000000e+02   2.5000000e+02   1.0000000e+02   1.0000000e+00   3.5000000e+02   4.1704370e+02   1.4908583e-02
   8.6000000e+00   3.1000000e+02   2.5000000e+02   1.0000000e+02   1.0000000e+00   3.5000000e+02   4.0538977e+02   2.4462984e-02
   8.6500000e+00   3.1000000e+02   2.5000000e+02   1.0000000e+02   1.0000000e+00   3.5000000e+02   3.9447851e+02   3.8206251e-02
   8.7000000e+00   3.1000000e+02   2.5000000e+02   1.0000000e+02   1.0000000e+00   3.5000000e+02   3.8403356e+02   5.6791320e-02
   8.7500000e+00   3.1000000e+02   2.5000000e+02   1.0000000e+02   1.0000000e+00   3.5000000e+02   3.7389711e+02   8.0445140e-02
   8.8000000e+00   3.1000000e+02   2.5000000e+02   1.0000000e+02   1.0000000e+00   3.5000000e+02   3.6406456e+02   1.0872742e-01
   8.8500000e+00   3.1000000e+02   2.5000000e+02   1.0000000e+02   1.0000000e+00   3.5000000e+02   3.5465695e+02   1.4058880e-01
   8.9000000e+00   3.1000000e+02   2.5000000e+02   1.0000000e+02   1.0000000e+00   3.5000000e+02   3.4584350e+02   1.7469818e-01
   8.9500000e+00   3.1000000e+02   2.5000000e+02   1.0000000e+02   1.0000000e+00   3.5000000e+02   3.3776438e+02   2.0981080e-01
   9.0000000e+00   3.1000000e+02   2.5000000e+02   1.0000000e+02   1.0000000e+00   3.5000000e+02   3.3049372e+02   2.4497293e-01
   9.0500000e+00   3.1000000e+02   2.5000000e+02   1.0000000e+02   1.0000000e+00   3.5000000e+02   3.2404136e+02   2.7954781e-01
   9.1000000e+00   3.1000000e+02   2.5000000e+02   1.0000000e+02   1.0000000e+00   3.5000000e+02   3.1837180e+02   3.1315106e-01
   9.1500000e+00   3.1000000e+02   2.5000000e+02   1.0000000e+02   1.0000000e+00   3.5000000e+02   3.1342423e+02   3.4557091e-01
   9.2000000e+00   3.1000000e+02   2.5000000e+02   1.0000000e+02   1.0000000e+00   3.5000000e+02   3.0912700e+02   3.7670439e-01
   9.2500000e+00   3.1000000e+02   2.5000000e+02   1.0000000e+02   1.0000000e+00   3.5000000e+02   3.0540676e+02   4.0651421e-01
   9.3000000e+00   3.1000000e+02   2.5000000e+02   1.0000000e+02   1.0000000e+00   3.5000000e+02   3.0219335e+02   4.3500185e-01
   9.3500000e+00   3.1000000e+02   2.5000000e+02   1.0000000e+02   1.0000000e+00   3.5000000e+02   2.9942219e+02   4.6219125e-01
   9.4000000e+00   3.1000000e+02   2.5000000e+02   1.0000000e+02   1.0000000e+00   3.5000000e+02   2.9703521e+02   4.8811910e-01
   9.4500000e+00   3.1000000e+02   2.5000000e+02   1.0000000e+02   1.0000000e+00   3.5000000e+02   2.9498091e+02   5.1282905e-01
   9.5000000e+00   3.1000000e+02   2.5000000e+02   1.0000000e+02   1.0000000e+00   3.5000000e+02   2.9321407e+02   5.3636822e-01
   9.5500000e+00   3.1000000e+02   2.5000000e+02   1.0000000e+02   1.0000000e+00   3.5000000e+02   2.9169522e+02   5.5878510e-01
   9.6000000e+00   3.1000000e+02   2.5000000e+02   1.0000000e+02   1.0000000e+00   3.5000000e+02   2.9039006e+02   5.8012823e-01
   9.6500000e+00   3.1000000e+02   2.5000000e+02   1.0000000e+02   1.0000000e+00   3.5000000e+02   2.8926888e+02   6.0044549e-01
   9.7000000e+00   3.1000000e+02   2.5000000e+02   1.0000000e+02   1.0000000e+00   3.5000000e+02   2.8830598e+02   6.1978353e-01
   9.7500000e+00   3.1000000e+02   2.5000000e+02   1.0000000e+02   1.0000000e+00   3.5000000e+02   2.8747920e+02   6.3818759e-01
   9.8000000e+00   3.1000000e+02   2.5000000e+02   1.0000000e+02   1.0000000e+00   3.5000000e+02   2.8676943e+02   6.5570127e-01
   9.8500000e+00   3.1000000e+02   2.5000000e+02   1.0000000e+02   1.0000000e+00   3.5000000e+02   2.8616020e+02   6.7236648e-01
   9.9000000e+00   3.1000000e+02   2.5000000e+02   1.0000000e+02   1.0000000e+00   3.5000000e+02   2.8563735e+02   6.8822340e-01
   9.9500000e+00   3.1000000e+02   2.5000000e+02   1.0000000e+02   1.0000000e+00   3.5000000e+02   2.8518869e+02   7.0331052e-01
   1.0000000e+01   3.1000000e+02   2.5000000e+02   1.0000000e+02   1.0000000e+00   3.5000000e+02   2.8480375e+02   7.1766462e-01
